1712696154726
1712696154849
1712696154873
1712696154901
1712696154921
1712696154941
1712696154964
1712696154985
1712696155004
1712696155024
1712696155043
1712696155061
1712696155079
1712696155098
1712696155115
1712696155139
1712696155157
1712696155175
1712696155194
1712696155211
1712696155229
1712696155246
1712696155265
1712696155284
1712696155303
1712696155321
1712696155339
1712696155357
1712696155374
1712696155393
1712696155412
1712696155432
1712696155450
1712696155467
1712696155486
1712696155505
1712696155523
1712696155542
1712696155562
1712696155580
1712696155598
1712696155616
1712696155635
1712696155654
1712696155672
1712696155690
1712696155707
1712696155725
1712696155743
1712696155763
1712696155781
1712696155798
1712696155817
1712696155836
1712696155855
1712696155873
1712696155891
1712696155910
1712696155927
1712696155946
1712696155966
1712696155985
1712696156002
1712696156021
1712696156039
1712696156058
1712696156076
1712696156096
1712696156114
1712696156132
1712696156149
1712696156168
1712696156186
1712696156204
1712696156222
1712696156239
1712696156258
1712696156276
1712696156296
1712696156315
1712696156333
1712696156351
1712696156369
1712696156388
1712696156407
1712696156425
1712696156444
1712696156463
1712696156482
1712696156500
1712696156518
1712696156536
1712696156556
1712696156575
1712696156594
1712696156613
1712696156631
1712696156651
1712696156668
1712696156687
1712696156706
1712696156727
1712696156746
1712696156765
1712696156784
1712696156804
1712696156822
1712696156841
1712696156859
1712696156878
1712696156896
1712696156914
1712696156933
1712696156951
1712696156970
1712696156989
1712696157007
1712696157027
1712696157046
1712696157064
1712696157083
1712696157101
1712696157120
1712696157138
1712696157156
1712696157174
1712696157193
1712696157212
1712696157231
1712696157250
1712696157268
1712696157287
1712696157306
1712696157327
1712696157346
1712696157365
1712696157385
1712696157404
1712696157423
1712696157443
1712696157462
1712696157481
1712696157502
1712696157521
1712696157540
1712696157560
1712696157580
1712696157598
1712696157616
1712696157637
1712696157655
1712696157675
1712696157694
1712696157713
1712696157732
1712696157752
1712696157772
1712696157792
1712696157811
1712696157829
1712696157847
1712696157865
1712696157890
1712696157908
1712696157928
1712696157946
1712696157965
1712696157983
1712696158002
1712696158021
1712696158039
1712696158058
1712696158077
1712696158095
1712696158113
1712696158131
1712696158150
1712696158169
1712696158188
1712696158206
1712696158224
1712696158243
1712696158261
1712696158280
1712696158298
1712696158317
1712696158336
1712696158354
1712696158373
1712696158392
1712696158410
1712696158428
1712696158446
1712696158466
1712696158484
1712696158502
1712696158521
1712696158540
1712696158558
1712696158576
1712696158594
1712696158612
1712696158629
1712696158647
1712696158665
1712696158685
1712696158704
1712696158722
1712696158742
1712696158761
1712696158779
1712696158798
1712696158816
1712696158836
1712696158854
1712696158873
1712696158892
1712696158911
1712696158929
1712696158947
1712696158965
1712696158984
1712696159002
1712696159021
1712696159040
1712696159058
1712696159077
1712696159095
1712696159115
1712696159134
1712696159152
1712696159170
1712696159188
1712696159206
1712696159225
1712696159243
1712696159262
1712696159281
1712696159300
1712696159319
1712696159338
1712696159357
1712696159375
1712696159394
1712696159412
1712696159430
1712696159449
1712696159468
1712696159486
1712696159505
1712696159523
1712696159542
1712696159562
1712696159581
1712696159600
1712696159619
1712696159638
1712696159656
1712696159674
1712696159692
1712696159710
1712696159729
1712696159748
1712696159766
1712696159785
1712696159803
1712696159821
1712696159840
1712696159859
1712696159877
1712696159896
1712696159914
1712696159933
1712696159952
1712696159970
1712696159989
1712696160008
1712696160026
1712696160045
1712696160063
1712696160082
1712696160100
1712696160118
1712696160136
1712696160155
1712696160173
1712696160191
1712696160209
1712696160227
1712696160246
1712696160264
1712696160282
1712696160302
1712696160321
1712696160340
1712696160358
1712696160378
1712696160395
1712696160413
1712696160431
1712696160449
1712696160467
1712696160486
1712696160504
1712696160522
1712696160540
1712696160558
1712696160576
1712696160593
1712696160611
1712696160629
1712696160647
1712696160665
1712696160683
1712696160701
1712696160719
1712696160738
1712696160757
1712696160775
1712696160793
1712696160811
1712696160829
1712696160848
1712696160867
1712696160885
1712696160905
1712696160924
1712696160941
1712696160959
1712696160977
1712696160994
1712696161012
1712696161032
1712696161050
1712696161068
1712696161087
1712696161105
1712696161123
1712696161143
1712696161161
1712696161179
1712696161198
1712696161217
1712696161236
1712696161255
1712696161274
1712696161292
1712696161310
1712696161330
1712696161348
1712696161366
1712696161385
1712696161404
1712696161423
1712696161442
1712696161460
1712696161478
1712696161497
1712696161517
1712696161536
1712696161554
1712696161573
1712696161591
1712696161610
1712696161628
1712696161647
1712696161665
1712696161684
1712696161703
1712696161722
1712696161740
1712696161758
1712696161778
1712696161797
1712696161816
1712696161835
1712696161854
1712696161873
1712696161892
1712696161912
1712696161931
1712696161949
1712696161967
1712696161986
1712696162005
1712696162025
1712696162044
1712696162062
1712696162082
1712696162100
1712696162120
1712696162139
1712696162158
1712696162179
1712696162198
1712696162217
1712696162235
1712696162253
1712696162271
1712696162290
1712696162310
1712696162329
1712696162348
1712696162367
1712696162385
1712696162405
1712696162423
1712696162443
1712696162461
1712696162480
1712696162498
1712696162517
1712696162535
1712696162554
1712696162574
1712696162593
1712696162612
1712696162631
1712696162650
1712696162669
1712696162687
1712696162705
1712696162724
1712696162743
1712696162762
1712696162781
1712696162800
1712696162818
1712696162837
1712696162856
1712696162876
1712696162895
1712696162915
1712696162933
1712696162952
1712696162971
1712696162989
1712696163008
1712696163027
1712696163046
1712696163064
1712696163084
1712696163102
1712696163121
1712696163140
1712696163159
1712696163177
1712696163195
1712696163215
1712696163234
1712696163252
1712696163269
1712696163287
1712696163305
1712696163324
1712696163343
1712696163362
1712696163382
1712696163401
1712696163420
1712696163439
1712696163459
1712696163478
1712696163497
1712696163516
1712696163535
1712696163554
1712696163573
1712696163592
1712696163611
1712696163630
1712696163648
1712696163666
1712696163684
1712696163703
1712696163721
1712696163740
1712696163759
1712696163778
1712696163797
1712696163815
1712696163833
1712696163852
1712696163871
1712696163890
1712696163909
1712696163928
1712696163946
1712696163965
1712696163983
1712696164002
1712696164021
1712696164040
1712696164059
1712696164077
1712696164097
1712696164116
1712696164135
1712696164154
1712696164173
1712696164192
1712696164212
1712696164230
1712696164249
1712696164267
1712696164286
1712696164304
1712696164323
1712696164343
1712696164361
1712696164380
1712696164398
1712696164417
1712696164436
1712696164455
1712696164473
1712696164492
1712696164510
1712696164529
1712696164548
1712696164567
1712696164586
1712696164604
1712696164623
1712696164642
1712696164661
1712696164681
1712696164699
1712696164717
1712696164736
1712696164755
1712696164774
1712696164792
1712696164810
1712696164828
1712696164846
1712696164864
1712696164882
1712696164901
