1712696154729
1712696154738
1712696154741
1712696154744
1712696154746
1712696154748
1712696154750
1712696154753
1712696154755
1712696154757
1712696154759
1712696154761
1712696154764
1712696154770
1712696154774
1712696154776
1712696154778
1712696154780
1712696154782
1712696154785
1712696154787
1712696154789
1712696154791
1712696154793
1712696154795
1712696154797
1712696154800
1712696154802
1712696154804
1712696154806
1712696154809
1712696154812
1712696154815
1712696154819
1712696154821
1712696154823
1712696154825
1712696154827
1712696154829
1712696154831
1712696154834
1712696154836
1712696154838
1712696154840
1712696154843
1712696154845
1712696154847
1712696154850
1712696154854
1712696154856
1712696154858
1712696154860
1712696154862
1712696154863
1712696154865
1712696154867
1712696154869
1712696154872
1712696154874
1712696154877
1712696154879
1712696154881
1712696154883
1712696154886
1712696154888
1712696154890
1712696154892
1712696154894
1712696154896
1712696154897
1712696154899
1712696154902
1712696154904
1712696154906
1712696154907
1712696154910
1712696154911
1712696154913
1712696154915
1712696154917
1712696154919
1712696154922
1712696154924
1712696154926
1712696154928
1712696154931
1712696154934
1712696154936
1712696154938
1712696154940
1712696154942
1712696154945
1712696154947
1712696154950
1712696154952
1712696154953
1712696154956
1712696154958
1712696154960
1712696154962
1712696154964
1712696154966
1712696154968
1712696154985
1712696155005
1712696155024
1712696155043
1712696155061
1712696155080
1712696155098
1712696155115
1712696155139
1712696155157
1712696155176
1712696155195
1712696155211
1712696155230
1712696155247
1712696155266
1712696155285
1712696155303
1712696155322
1712696155340
1712696155358
1712696155375
1712696155394
1712696155412
1712696155432
1712696155451
1712696155468
1712696155486
1712696155506
1712696155523
1712696155543
1712696155563
1712696155581
1712696155599
1712696155617
1712696155636
1712696155655
1712696155673
1712696155690
1712696155708
1712696155726
1712696155744
1712696155764
1712696155782
1712696155799
1712696155818
1712696155837
1712696155856
1712696155873
1712696155892
1712696155911
1712696155928
1712696155947
1712696155967
1712696155986
1712696156003
1712696156022
1712696156040
1712696156059
1712696156076
1712696156097
1712696156115
1712696156133
1712696156150
1712696156169
1712696156187
1712696156205
1712696156223
1712696156240
1712696156259
1712696156276
1712696156297
1712696156314
1712696156334
1712696156352
1712696156370
1712696156388
1712696156408
1712696156425
1712696156445
1712696156464
1712696156483
1712696156501
1712696156519
1712696156537
1712696156556
1712696156576
1712696156595
1712696156613
1712696156633
1712696156652
1712696156668
1712696156688
1712696156707
1712696156726
1712696156746
1712696156766
1712696156784
1712696156804
1712696156823
1712696156841
1712696156860
1712696156878
1712696156897
1712696156915
1712696156934
1712696156952
1712696156971
1712696156990
1712696157008
1712696157028
1712696157046
1712696157065
1712696157084
1712696157102
1712696157120
1712696157139
1712696157157
1712696157175
1712696157194
1712696157213
1712696157232
1712696157251
1712696157269
1712696157288
1712696157307
1712696157328
1712696157347
1712696157365
1712696157385
1712696157404
1712696157424
1712696157444
1712696157463
1712696157482
1712696157503
1712696157522
1712696157541
1712696157561
1712696157580
1712696157599
1712696157617
1712696157638
1712696157656
1712696157676
1712696157695
1712696157713
1712696157732
1712696157753
1712696157773
1712696157793
1712696157812
1712696157830
1712696157848
1712696157866
1712696157890
1712696157908
1712696157926
1712696157947
1712696157966
1712696157984
1712696158003
1712696158022
1712696158040
1712696158059
1712696158077
1712696158095
1712696158113
1712696158132
1712696158150
1712696158170
1712696158188
1712696158207
1712696158225
1712696158244
1712696158262
1712696158281
1712696158298
1712696158318
1712696158336
1712696158355
1712696158374
1712696158393
1712696158411
1712696158429
1712696158447
1712696158467
1712696158485
1712696158503
1712696158522
1712696158540
1712696158558
1712696158576
1712696158595
1712696158613
1712696158630
1712696158648
1712696158665
1712696158686
1712696158703
1712696158723
1712696158742
1712696158762
1712696158780
1712696158799
1712696158817
1712696158837
1712696158855
1712696158873
1712696158891
1712696158912
1712696158929
1712696158947
1712696158966
1712696158985
1712696159003
1712696159022
1712696159041
1712696159059
1712696159077
1712696159095
1712696159115
1712696159135
1712696159153
1712696159171
1712696159189
1712696159207
1712696159226
1712696159244
1712696159261
1712696159282
1712696159300
1712696159320
1712696159339
1712696159358
1712696159376
1712696159394
1712696159413
1712696159431
1712696159449
1712696159469
1712696159487
1712696159505
1712696159524
1712696159542
1712696159561
1712696159582
1712696159601
1712696159620
1712696159639
1712696159657
1712696159675
1712696159692
1712696159711
1712696159730
1712696159749
1712696159767
1712696159786
1712696159804
1712696159822
1712696159840
1712696159858
1712696159878
1712696159897
1712696159915
1712696159934
1712696159952
1712696159971
1712696159989
1712696160009
1712696160027
1712696160046
1712696160064
1712696160082
1712696160101
1712696160119
1712696160137
1712696160156
1712696160174
1712696160192
1712696160210
1712696160227
1712696160246
1712696160265
1712696160283
1712696160301
1712696160322
1712696160340
1712696160359
1712696160378
1712696160396
1712696160414
1712696160432
1712696160450
1712696160468
1712696160487
1712696160504
1712696160522
1712696160541
1712696160558
1712696160576
1712696160594
1712696160612
1712696160630
1712696160648
1712696160666
1712696160684
1712696160702
1712696160720
1712696160738
1712696160758
1712696160776
1712696160794
1712696160812
1712696160830
1712696160849
1712696160867
1712696160886
1712696160904
1712696160925
1712696160942
1712696160959
1712696160977
1712696160995
1712696161013
1712696161032
1712696161051
1712696161069
1712696161087
1712696161106
1712696161124
1712696161142
1712696161162
1712696161180
1712696161198
1712696161218
1712696161236
1712696161255
1712696161275
1712696161292
1712696161311
1712696161329
1712696161349
1712696161367
1712696161386
1712696161405
1712696161424
1712696161442
1712696161460
1712696161478
1712696161498
1712696161517
1712696161535
1712696161555
1712696161573
1712696161591
1712696161610
1712696161629
1712696161647
1712696161665
1712696161684
1712696161703
1712696161723
1712696161740
1712696161758
1712696161777
1712696161798
1712696161817
1712696161836
1712696161855
1712696161874
1712696161893
1712696161911
1712696161931
1712696161949
1712696161968
1712696161987
1712696162006
1712696162025
1712696162044
1712696162063
1712696162083
1712696162100
1712696162120
1712696162140
1712696162159
1712696162177
1712696162199
1712696162218
1712696162236
1712696162254
1712696162272
1712696162291
1712696162310
1712696162330
1712696162349
1712696162368
1712696162386
1712696162406
1712696162424
1712696162443
1712696162462
1712696162480
1712696162499
1712696162518
1712696162536
1712696162554
1712696162574
1712696162594
1712696162613
1712696162632
1712696162651
1712696162670
1712696162689
1712696162706
1712696162725
1712696162744
1712696162763
1712696162782
1712696162801
1712696162819
1712696162838
1712696162858
1712696162877
1712696162896
1712696162916
1712696162934
1712696162953
1712696162972
1712696162990
1712696163008
1712696163028
1712696163047
1712696163065
1712696163085
1712696163103
1712696163122
1712696163141
1712696163160
1712696163178
1712696163196
1712696163215
1712696163234
1712696163252
1712696163270
1712696163288
1712696163306
1712696163325
1712696163344
1712696163363
1712696163382
1712696163401
1712696163421
1712696163440
1712696163459
1712696163479
1712696163498
1712696163517
1712696163535
1712696163555
1712696163574
1712696163593
1712696163612
1712696163631
1712696163649
1712696163667
1712696163685
1712696163703
1712696163721
1712696163740
1712696163760
1712696163779
1712696163797
1712696163816
1712696163834
1712696163852
1712696163872
1712696163891
1712696163909
1712696163928
1712696163947
1712696163966
1712696163984
1712696164003
1712696164021
1712696164041
1712696164060
1712696164078
1712696164097
1712696164117
1712696164136
1712696164155
1712696164174
1712696164193
1712696164212
1712696164231
1712696164250
1712696164268
1712696164287
1712696164305
1712696164324
1712696164343
1712696164362
1712696164381
1712696164399
1712696164418
1712696164436
1712696164455
1712696164474
1712696164493
1712696164511
1712696164529
1712696164548
1712696164567
1712696164586
1712696164604
1712696164624
1712696164643
1712696164662
1712696164680
1712696164699
1712696164718
1712696164736
1712696164754
1712696164774
1712696164793
1712696164811
1712696164829
1712696164847
1712696164865
